3,13,6,4,9,16,12,10,20,6,4,6,16,8,6,2,12,7,4,6,12,8,11,8,12,8,10,2,10,6,12,12,8,3,0,7,11,6,8,6,12,4,12,4,9,6,8,4,10,6,4,4,4,4,10,5,6,2,20,6,10,16,12,8,6,4,8,7,5,11,7,4,6,4,10,7,12,6,9,4,8,2,7,9,9,12,4,6,4,8,7,6,8,6,9,6,7,4,7,4,3,8,7,12,9,7,6,6,2,6,7,6,8,4,8,16,8,9,12,8,8,10,6,2,16,6,2,8,9,8,4,7,8,8,10,8,4,5,6,14,3,8,10,8,4,10,6,7,4,7,8,6,12,10,6,7,8,2,8,6,12,8,8,12,10,4,8,10,8,7,6,6,7,14,7,4,8,2,14,14,4,5,7,4,2,9,12,21,10,6,8,14,12,8,6,
6,7,8,4,12,3,4,12,8,12,9,10,12,6,4,2,9,4,8,9,2,4,10,8,8,6,14,6,9,9,13,2,14,10,4,10,2,5,16,11,2,5,10,6,2,9,10,12,7,4,16,12,3,5,10,6,12,6,4,4,12,6,7,8,3,6,4,10,16,14,8,2,12,8,6,4,14,4,12,9,4,14,7,6,5,5,6,14,8,13,9,6,8,10,10,5,6,12,4,12,2,14,4,6,12,7,4,6,6,10,4,8,4,6,14,8,6,4,8,2,8,11,
6,8,8,10,4,6,4,15,14,9,6,16,4,6,9,10,2,8,4,8,8,12,6,12,8,8,2,9,12,4,12,7,2,5,7,2,6,12,9,7,10,6,7,2,9,12,10,10,2,8,2,8,6,4,10,9,9,9,9,2,6,16,9,16,6,6,9,8,9,10,7,4,12,21,13,12,4,10,8,6,7,5,8,5,6,
5,8,12,6,12,4,2,6,4,7,4,8,2,8,7,10,5,6,12,8,6,8,2,12,24,9,8,17,4,4,8,5,16,8,2,8,4,8,7,21,7,8,6,8,8,4,6,5,16,2,2,4,6,9,6,16,6,4,14,3,10,15,8,8,4,16,9,7,6,8,6,6,4,11,12,7,10,3,4,12,7,11,8,4,15,12,8,10,6,12,6,6,4,10,
5,14,8,7,4,4,2,8,8,14,7,12,4,8,6,6,8,6,7,2,12,10,5,8,8,5,6,6,8,6,4,4,8,8,10,8,12,8,10,4,6,10,10,14,7,2,9,6,3,14,2,10,5,4,12,11,6,8,2,6,7,3,2,6,12,13,2,8,12,3,12,14,8,8,6,20,6,8,8,10,4,8,7,11,12,8,8,4,2,8,10,10,6,0,8,9,9,4,3,14,9,9,4,11,17,10,7,4,6,4,8,8,10,10,9,9,16,16,5,12,7,2,12,2,16,8,6,6,4,4,4,2,6,5,8,8,7,6,6,10,4,8,
8,8,4,16,4,8,4,6,5,4,6,10,17,8,13,8,8,4,2,6,15,14,10,5,6,12,6,8,16,8,10,6,4,4,5,8,6,8,4,10,4,10,9,8,11,12,10,7,2,12,12,2,7,8,2,16,4,10,6,12,4,6,9,6,4,5,14,2,9,7,7,6,6,12,9,10,9,4,8,12,6,12,8,3,4,14,8,9,8,4,10,12,12,8,6,6,9,9,6,6,4,6,2,2,2,10,12,10,9,5,5,20,8,8,6,5,20,2,6,4,6,4,12,12,8,14,14,10,6,12,4,9,14,7,4,8,10,6,4,8,17,8,4,20,16,8,4,10,5,12,8,5,13,6,14,2,5,2,8,6,6,8,12,15,8,4,6,4,9,6,2,10,2,9,2,6,10,4,4,6,
6,6,12,4,8,16,16,6,6,20,2,2,5,6,8,6,4,17,12,4,7,6,10,12,16,16,14,6,6,7,10,7,15,8,8,4,4,7,6,13,10,4,12,8,16,6,6,7,8,10,4,12,2,4,6,8,4,8,10,10,4,8,6,6,8,6,11,8,4,17,4,6,6,6,10,6,12,12,4,6,10,4,8,7,6,12,5,8,8,4,6,6,9,6,7,8,6,8,4,4,9,
6,6,12,4,8,16,16,6,6,11,2,5,6,8,6,4,17,12,4,9,8,12,2,8,14,12,12,6,9,12,6,4,8,9,6,6,20,8,10,4,8,6,6,2,8,7,6,6,12,14,6,8,6,
8,16,8,12,10,4,12,17,6,10,6,4,8,8,4,10,4,2,24,14,4,10,6,4,6,3,14,12,4,13,7,6,4,12,8,12,8,12,10,8,9,8,20,10,2,8,4,7,8,24,10,7,5,9,6,4,6,2,4,20,4,
4,6,10,8,16,16,8,7,6,2,9,8,8,6,9,5,4,12,5,5,16,4,8,2,6,10,4,6,10,7,2,3,4,8,6,2,12,6,4,8,5,10,12,8,7,5,10,6,4,21,10,3,8,4,8,4,6,7,4,6,4,12,8,5,11,4,
6,6,9,14,9,6,6,16,14,11,6,5,11,9,6,2,14,7,4,4,8,6,8,6,8,11,4,9,8,6,5,12,7,6,12,12,6,6,6,8,8,9,8,14,7,6,8,4,6,6,2,8,10,6,14,16